5988
5982
5980
5986
5984
12441
6794
272
273
2142
99
91
93
95
97
13058
13052
13050
13056
13054
1177
1175
1173
1171
1179
7188
876
3432
7186
872
1225
12833
12831
870
8019
8018
8017
8016
8015
8014
8013
8012
8011
8010
2036
4591
4595
1987
391
397
395
2309
4728
2301
4724
4726
4720
2307
4722
19701
5841
11280
11284
5849
11286
3749
4627
13463
179
177
175
173
171
10390
10392
10394
10396
10398
7218
7216
12227
6215
12225
6213
12223
6211
12229
6812
6814
7668
7660
7662
7664
7666
1769
1763
1761
1767
1765
1540
11115
13385
5618
5619
5616
5617
259
253
251
257
255
5050
5052
1159
1155
1157
1151
1153
8528
8522
8520
8526
8524
19576
4298
10432
12235
4749
4740
4747
12237
4745
5865
12231
12233
2187
2185
4600
12239
13448
19589
19586
19584
19582
19580
151
153
155
157
159
7946
9192
10376
10374
6235
12205
6237
12207
12201
10564
819
810
811
812
813
814
815
816
817
13441
1700
1702
1704
11133
11130
3028
3026
3024
3022
3020
5670
5672
5674
5676
5678
6752
6750
239
235
237
231
233
5386
11834
11832
11830
1139
1133
1131
2140
1137
1135
8508
12879
2
12265
6589
1927
13657
11248
11244
11246
11242
5809
5801
11791
4884
9177
6259
12269
12263
12261
6257
12267
8548
3474
3475
3476
3477
3470
837
3472
3473
839
3478
3479
8882
11431
1729
1727
1724
1725
1722
1720
3004
3000
3002
3008
9450
9452
5658
5659
5656
5657
5654
5655
5652
5653
5650
5651
12486
12468
6418
12464
6414
12466
6416
12460
6410
12462
6412
7771
19481
6731
6739
12484
13167
217
215
213
211
219
12488
2550
2552
11477
11475
11473
11471
11479
5014
5016
5018
4419
4417
4413
4411
11814
11816
11810
11812
11818
7168
7162
1111
1446
1113
1444
1115
1442
1117
1440
1119
1448
4585
4582
4788
10008
4783
5825
11260
10109
199
197
191
193
10101
12798
10332
10336
10334
12241
12243
12245
12247
6279
12249
9731
9733
9735
9736
9739
859
13169
6
13163
1305
1307
1301
1303
1309
12402
6472
6470
12406
6476
12404
6474
7759
2579
2577
2572
2570
11459
10121
11455
11457
11451
11453
5036
5034
5032
5030
4436
4438
975
973
970
12986
10474
10476
10470
10472
8927
8926
8925
8924
8921
11875
8928
1681
1683
12221
13487
1464
1462
319
313
311
317
315
314
10348
11200
447
2293
2297
10314
39
6299
6297
6291
3438
878
879
3430
877
874
875
3434
873
3436
871
4848
4844
4846
4842
2038
11998
1247
11990
11992
11994
13171
13173
13175
3049
3040
3042
3044
3046
1095
1097
1091
1093
1099
1915
1323
1321
1327
1325
1329
6908
10312
5785
11439
11433
4593
11437
11435
4456
4458
958
950
952
954
10368
6335
6337
6330
6332
6333
6339
9674
10452
9676
10450
9670
10456
9672
10454
10105
10107
10458
9678
10103
8901
4968
7128
7126
7124
7122
1664
1662
1660
590
592
596
3387
5416
3385
3381
13387
5418
3389
1403
1401
1407
1405
4212
5576
5575
5574
11113
339
335
331
333
11229
11228
11227
13383
12323
10937
10931
9448
9446
9444
9442
9440
12285
12287
12281
12283
12289
12759
12757
13235
3414
3412
3410
8532
12827
12821
10434
2019
2015
2017
12823
2011
13389
9454
13157
13155
13153
13151
13159
12990
12992
10362
12996
12998
451
1343
6528
11410
11412
11414
11417
11419
9457
2464
2466
2460
2462
2468
9459
1021
6313
6311
6317
6315
8530
6319
9304
9305
9306
9301
9302
9303
1645
1641
1643
579
573
571
577
575
1420
1422
3369
1426
3365
5438
3367
3361
3363
1201
4866
13484
8588
8580
8582
8584
8586
5881
5889
12422
355
359
11076
10119
12775
6129
6128
10958
10952
10111
10956
10954
12426
2259
2255
2253
12428
4803
9465
9461
9463
9469
2074
11959
11955
11957
11951
11953
8790
12978
12976
12974
12972
12970
7080
7082
7084
7086
7088
4399
4391
4393
4395
4397
3196
3194
3192
3190
3198
11382
11384
11386
11389
299
2442
2440
2446
2444
12524
2448
12522
6379
6371
6373
6375
6377
10143
10142
10145
10144
10147
10146
10149
10148
10418
9638
9634
9636
1436
1434
1623
1621
1627
3202
1625
1629
3396
2861
2862
559
558
2866
555
554
557
556
10364
1199
3349
1191
3343
1193
3341
1195
3347
1197
3345
12618
9189
5533
5531
5537
5535
5539
1349
6573
6571
6577
6575
6579
1341
3834
3835
3836
3837
3830
3831
3832
3833
3838
1345
1347
379
7521
371
373
377
6143
6141
6147
6145
6924
6149
10978
6920
19656
6922
2277
2054
4824
4537
4822
4820
4821
11978
11972
13190
7325
7327
10088
7321
7323
10085
10087
7329
10083
13421
7068
7066
7064
7062
7060
6962
11231
9988
9986
9980
1389
413
1385
1387
1381
1383
12408
11369
11367
12409
6689
6681
6685
6687
2428
6357
6355
6353
6351
6359
9340
9341
9342
2165
2164
2167
1609
3228
1978
1601
1603
3226
1973
1607
13277
13271
3325
3327
3329
5478
12424
5516
536
534
532
530
10089
538
10020
8457
8455
8453
8451
8459
19619
19617
19615
19613
19610
6169
6161
6163
6165
6167
10999
2213
2217
10081
2219
12761
12851
13469
4517
9429
9420
9423
9425
9427
5289
5288
5281
5280
5283
5282
5285
5284
5287
5286
12932
12936
12934
12938
8608
6983
6981
1019
1015
1017
1011
1013
4359
4355
4357
4351
4353
438
436
434
13481
5708
5704
5706
5700
12455
12451
12453
12697
12695
12699
5354
1057
1833
1831
3799
1837
1835
3795
3797
3791
3793
4980
2152
4986
1955
1957
1951
1953
1959
13256
5498
5499
2064
1227
621
1223
626
1221
628
1229
8792
8794
7566
10438
10129
7568
10123
10430
4166
4164
4162
4161
10127
4168
10125
10436
2239
2231
2233
2235
2237
5937
5935
5933
19631
5931
4608
2092
8423
13511
7368
7360
7362
7364
7366
12317
12315
12313
11936
11934
11933
11932
11931
11930
12919
12911
12913
12915
12917
9004
9003
1038
1033
1031
1035
4379
4373
4371
4377
4375
11069
11061
11065
4087
4089
11326
11324
11328
13496
5728
5722
5720
5726
5724
11499
11491
11493
11495
11497
10812
10810
10816
10814
10818
7801
6398
6392
12445
6390
6396
6394
1859
12443
1854
2171
4962
5694
1933
1931
1937
1935
1939
1424
7944
9190
9193
13239
1428
13233
13231
13237
9194
10372
10370
6889
1205
1207
1203
12526
12520
12209
1357
8419
8417
12203
3853
19665
19653
5913
4551
13439
2617
2615
2613
2611
2619
7346
7344
7342
7340
10029
10025
7348
12339
12335
12337
12331
12333
9028
2942
2940
1050
1053
5352
5350
1059
4310
4315
4317
4319
5741
5743
5745
5747
5749
9380
12536
12534
12532
12530
12538
12492
6667
2370
1877
1875
1873
1871
1879
4944
2118
2130
2110
2112
2114
2116
1919
1911
5103
1913
5101
5106
5104
5105
10496
883
882
881
880
887
886
885
884
889
888
11398
353
351
9239
1269
1263
1261
664
662
1265
660
5102
8788
10012
8782
8780
5100
8784
1917
8431
8433
8435
8437
8439
12329
12776
12777
12771
8516
8514
8512
4129
8510
4123
12778
4121
4127
4125
12779
5688
5686
5680
5682
11519
11515
11517
11511
11513
5972
19672
5970
5974
13431
2587
2585
2583
2581
2589
6055
6051
10004
10006
2639
10002
2635
2637
2631
2633
12359
12353
12351
12357
12355
9042
9040
9044
2961
1079
5374
5376
5371
5370
5373
5372
13004
13006
13000
13002
13008
4339
10286
4337
4335
4333
4331
3138
5769
5767
5765
5763
5761
12518
12514
12516
12510
12512
12631
6601
12633
6603
12635
6605
6607
6609
12449
19532
19535
1042
19538
2359
2353
2351
2357
2355
4920
4695
4926
4697
4699
4698
2138
1793
1267
1791
1794
6593
6595
6597
6599
9843
9847
9846
9845
9844
9849
9848
3093
3096
3097
3094
3095
1249
648
3098
3099
1539
4101
4103
4105
4107
4109
10420
13508
5952
5954
5956
5958
13502
13505
11808
6038
6032
6036
6034
10063
2659
10061
10067
10065
2653
2651
10069
2657
2655
7388
7382
13451
7380
7386
7384
12371
12373
12375
12377
12379
10284
10282
10280
3034
2902
2900
147
2908
11889
5319
5318
5313
5312
5311
5310
5316
5315
5314
13022
13020
13026
13024
13028
1631
3157
3159
11085
1635
1637
2485
8574
8576
8570
8572
8578
2481
7400
569
12619
6629
12617
6627
12615
6625
12613
6623
6621
564
19553
565
4714
4716
4710
4712
2337
12504
4718
4908
4675
121
123
125
127
129
1187
1185
1183
10342
1181
10344
10402
12640
12642
7650
9861
9860
9863
9862
9865
9864
9867
9866
1519
1515
1517
1511
1513
11838
11836
263
261
267
265
269
6010
6012
6014
6016
6018
10049
989
983
981
987
985
12399
12397
12395
12393
12391
2671
2673
2675
1209
2928
2920
2922
2924
2926
5331
13048
13040
13042
13044
13046
1165
1167
1161
1163
1169
1367
2034
1365
1363
1361
8552
8550
8008
8009
8554
8007
9382
2032
7468
7466
1869
2030
10891
4932
4732
4730
4736
4734
2319
2317
4738
2315
2313
5857
3773
3771
3777
3775
3779
19572
19570
109
103
101
107
105
10386
10384
10382
10380
10000
10388
6809
9745
9741
9743
8837
1759
1757
1755
1753
1751
1285
1287
1281
1283
1289
1573
12877
8500
12875
8502
12873
8504
12871
5629
5628
5627
5626
5625
5624
5623
5622
5621
5620
8496
8498
5994
5996
5992
5998
1245
245
247
241
243
249
12007
12004
12002
12000
9241
9240
9243
9242
9245
9244
13066
13064
13062
13060
11371
1143
1141
1147
1145
1149
1745
7198
7196
12472
12829
8020
8021
7441
7443
7445
6404
7447
7449
12474
12478
383
385
389
4759
1369
4751
4753
4755
4757
5873
1077
3759
1075
3751
3753
3755
1073
2191
2195
1071
19598
19595
19592
169
165
167
161
163
9187
9185
9183
9181
10366
9188
7208
7206
12213
12211
12217
12215
12219
809
808
803
802
801
800
807
806
805
804
10416
11240
10414
10412
1775
1777
1771
1773
10410
1779
9287
11943
1550
1552
3038
3036
3030
3032
11105
6420
4694
10310
6764
6762
6760
9978
11798
229
227
225
223
221
2509
2507
2505
2503
2501
5048
5046
5044
5042
5040
11828
11824
11826
11820
11822
1257
1255
1521
1523
1993
3204
3200
1129
1121
1123
1125
1127
12598
8518
12849
12846
2864
2865
4773
4778
5817
10354
10352
13573
145
143
141
149
7223
7225
7228
10340
10346
9174
12279
12271
12273
12275
12277
8872
8874
8876
8878
829
828
825
824
827
826
821
820
823
822
1712
1714
1718
11126
11128
3018
3012
3010
3016
3014
5663
5662
5661
5660
5667
5666
5665
5664
5668
10330
6402
10
6400
12
6406
6408
7765
7767
7761
7763
7769
9381
201
832
203
205
207
833
209
830
831
836
834
835
8880
2524
2526
2520
2522
11465
11467
11461
11463
10338
11469
4409
4405
4407
4401
4403
5396
11802
11806
11804
12825
7451
1371
7159
7158
1373
403
8602
12863
13391
401
11874
2898
2894
2896
2890
1454
1107
1456
1105
1452
1101
1109
1897
1891
2136
2134
4798
2132
4793
5833
11256
11254
4696
11252
8604
11785
11787
11789
12789
12781
12780
12783
12782
12786
10324
10327
10326
12257
12255
12253
12251
12259
9729
847
845
843
841
849
1739
1731
1733
1735
1734
1737
1595
1597
1592
1599
5649
5648
5641
5640
5643
5642
5645
5644
5647
5646
12867
12490
12869
10973
19493
6724
6729
453
12494
10350
13499
12496
3678
12804
11443
11441
11447
11445
11449
1103
5003
12802
4423
4421
12596
13493
12800
13490
7176
7170
7178
2916
1696
1694
1692
1698
12885
12883
12881
1472
1470
1476
1474
1478
8624
4224
28
1069
1061
1063
19486
1065
19484
1067
19574
2289
2281
2283
19488
12311
6733
4535
6735
4825
6591
10306
6737
10302
4823
7919
4532
6289
6285
6287
6281
6283
8506
183
181
187
185
189
10018
869
868
3448
861
3444
863
3446
865
3440
867
866
2025
2026
2021
2023
2028
10400
10150
11250
10404
12319
3054
3053
3051
8
1317
1315
1313
1311
10010
1319
6914
6916
12434
6910
12432
6912
12430
6918
19478
6701
6703
6705
2568
11429
5028
5024
5026
4440
960
962
10093
1241
1243
642
10466
10464
10462
10460
10468
1965
11840
640
1613
7112
7110
7116
7114
1611
1679
1675
1677
1673
644
4207
646
309
301
303
305
307
11212
10320
10322
4890
4896
10378
10927
10925
10929
7936
7939
9142
9143
9140
12299
9141
12293
12291
12297
12295
9144
9145
12622
3428
3422
3420
3426
3424
2003
2007
4587
4580
4850
12482
12624
12480
8628
11980
10589
13161
8626
13165
8620
8622
1087
1085
1083
1081
1089
12984
12982
12980
12988
449
1339
1335
442
1337
440
1331
1333
444
30
36
5793
11407
11405
11403
11400
19578
4460
948
946
6326
6324
6322
6328
9666
10448
10444
10117
10446
10115
10440
10113
10442
9668
7138
7130
7132
7134
7136
1658
1656
1654
411
581
3391
5406
3393
1432
1430
3398
1438
1885
5543
5541
5547
1881
8598
8596
8594
8592
8590
11238
5897
11230
11232
11233
11234
11235
11237
2128
4914
13576
4860
321
327
325
329
12769
6139
12763
6133
6130
6131
6137
6135
9472
9470
9475
2241
2243
3400
3402
3404
3406
3408
4872
4878
13149
5692
5690
8786
12968
12964
12966
12960
12962
1353
464
1351
1355
6959
10288
3183
3188
11396
11393
11391
4012
4016
4014
288
2476
2474
2472
2470
6305
6306
10134
10136
10132
10138
10428
10422
9644
10426
9640
10424
9642
2906
3216
1982
3211
1980
1639
2904
1989
560
561
562
563
566
567
3379
1189
3373
3371
12411
12410
12412
5521
5523
5525
5527
5529
48
46
47
44
45
42
43
40
41
12447
19490
12437
19496
345
347
341
349
12701
6151
6153
6155
6157
6159
13457
13454
4832
4834
6585
9438
9434
4812
2040
4819
2048
11088
9416
9418
9419
11940
11072
10091
10090
10097
10095
10099
7078
7074
7076
7070
7072
12994
6977
6975
6973
6971
12498
6979
11074
4389
4383
4381
4387
4385
407
405
1375
1377
1379
11379
11375
11377
11373
2458
2454
2456
2450
2452
6369
6363
652
6361
6367
6365
9337
9336
10156
650
10406
10408
10158
10159
9339
9338
9629
9291
9297
9294
9295
1975
1605
1971
1969
1619
1617
3239
1961
1963
13265
13267
13263
13269
2876
2878
3355
3357
3351
3353
3359
11118
5504
5502
5503
5500
5501
542
540
546
544
548
6568
6563
6562
3827
5001
3829
3828
8445
8447
8441
8443
8449
365
363
361
19604
19607
19601
6173
6171
10981
2203
2205
2209
4529
4527
4830
4525
4522
9436
9431
5298
5299
5296
5297
5294
5295
5292
5293
5290
5291
12616
12614
9292
7336
9290
7334
9296
7332
7331
7330
9298
9299
7338
11964
11960
11962
11968
12922
12924
12927
12929
7058
7051
7056
7054
9026
2998
58
54
56
50
53
52
9998
2997
9994
9996
11037
428
1399
19550
1397
1395
1393
1391
426
855
857
851
853
6693
6691
6697
2438
2432
2430
2436
2434
6341
6343
6345
6347
6349
3787
3789
4992
4998
1949
1942
1941
1947
1944
12865
13245
2859
3339
526
528
1237
1231
1233
1239
2489
2487
4902
3801
3803
2483
8461
4827
19629
19623
19621
19627
19625
4170
10059
2229
2227
2225
2223
2221
5921
5929
10053
2080
2084
7319
11902
12301
11905
11908
12309
12909
12907
12905
12902
12900
1009
1007
1005
4349
4347
4345
4343
4341
8614
8616
8610
8612
8618
11330
11332
11335
11334
5718
5716
5714
5712
5710
11489
11487
11485
11483
11481
10826
10824
10822
10820
12470
10828
2667
2665
12476
2663
9379
9378
2661
9375
9377
1823
4974
1921
1923
1929
13229
13227
12403
12407
60
62
64
66
68
1985
12405
630
1213
632
1211
634
1217
636
1215
638
1219
6523
6522
6525
6524
6527
6526
4153
4151
4156
13460
13466
5905
3488
3481
3480
3483
3485
3486
6061
6062
2605
2607
2601
2603
2609
10039
10035
10034
10037
10031
10033
7378
7372
7370
7376
7374
11928
11929
12321
12327
12325
11920
11924
11926
9032
9030
9036
9034
9038
753
751
3783
3781
2955
1025
5345
1027
5341
1023
5343
3785
1029
4365
4367
4361
4363
4369
11079
3105
3107
3100
3101
4093
4091
4097
4095
4099
5734
5736
5730
5739
12528
10808
6384
6386
6382
6388
9289
9288
2169
4950
2166
4956
2162
1909
1907
1905
12817
12540
6891
10308
1279
1271
1273
1275
1277
3333
3331
3337
8427
8425
3335
8421
8429
5038
10304
10300
4131
5696
5698
5968
19669
19662
4548
4540
4542
4544
4546
2595
2597
2591
2593
2599
6043
6047
6045
6049
8600
2623
2621
2627
2625
8606
2629
7350
7352
9238
7354
7356
7358
9236
10016
10014
12349
12341
12343
12345
12347
9050
9052
72
70
2972
2970
2976
2974
1040
1046
1044
1048
4302
4300
4306
4304
4308
3122
3123
3125
5753
5751
5757
5755
5759
864
3442
12502
12500
12506
12508
7435
7437
7433
7439
2323
2327
2325
19501
1615
2368
2366
2363
2361
1861
1865
4687
4684
4938
4689
2108
2102
2106
2104
1716
890
891
892
893
1789
1781
1783
1785
1787
11876
9179
9850
9851
9852
9853
9854
9855
9856
9857
9858
9859
1253
1251
1259
4117
4115
4113
4111
4119
1055
5947
5945
5943
5940
11509
11507
11505
11503
5949
10041
10043
10045
10047
12620
10071
2649
10075
10077
10079
2641
2643
2645
2647
12367
12365
12363
12361
12369
9075
10294
10296
10290
2910
2912
2914
2918
10298
5308
5309
5300
5301
5302
5303
5304
5305
5306
5307
13016
13014
13012
13010
13018
4329
4321
4323
4325
4327
3140
3142
3144
1359
5777
7416
7418
6613
12623
6611
12621
6617
12627
6615
12625
6619
12629
19529
10292
12199
12193
12195
12197
2347
2341
2343
2349
1887
2120
2122
4668
2124
2126
133
131
137
135
139
12439
9191
6583
6581
6587
13475
13472
13478
656
654
658
11205
11521
11523
6006
6004
6002
6000
6008
7394
7396
991
7390
993
7392
10057
10055
7399
7398
10051
12389
12385
12387
12381
12383
5098
5099
5096
5097
2669
2938
2936
2934
2932
2930
5324
5325
5322
5323
5320
5321
5329
13038
13034
13036
1743
13030
13032
11095
11090
11092
3162
2150
8566
8564
8562
8560
12819
8568
6631
12601
6633
12603
12605
19541
19547
19544
2321
4708
3761
3763
3765
3767
3769
2499
1291
2491
2493
2495
2497
115
117
111
113
119
12305
12307
12303
8556
8558
11501
8778
1749
1747
1741
10318
5496
5497
1299
1293
1297
1295
10316
5638
5639
5634
5635
5636
5637
5630
5631
5632
5633